
find!nnecting to ml-class ... 
ans =

   15    1

X =

   0.8414710  -0.2879033  -0.4040376   0.9017883  -0.9661178   0.5661076   0.1059875  -0.7271425   0.9988152  -0.7904332   0.2021499
   0.9092974  -0.9613975   0.5514267   0.1235731  -0.7391807   0.9995202  -0.7794661   0.1847817   0.4987132  -0.9425145   0.9333205
   0.1411200  -0.7509872   0.9999119  -0.7682547   0.1673557   0.5139785  -0.9482821   0.9268185  -0.4599035  -0.2280523   0.8064006
  -0.7568025   0.1498772   0.5290827  -0.9537527   0.9200260  -0.4441127  -0.2452520   0.8167426  -0.9956870   0.6960801  -0.0619203
  -0.9589243   0.9129453  -0.4281827  -0.2623749   0.8268287  -0.9938887   0.6832617  -0.0442427  -0.6160405   0.9802397  -0.8733120
  -0.2794155   0.8366556  -0.9917789   0.6702292  -0.0265512  -0.6298880   0.9835877  -0.8645514   0.3299908   0.3631714  -0.8817846
   0.6569866  -0.0088513  -0.6435381   0.9866276  -0.8555200   0.3132288   0.3796077  -0.8899956   0.9726301  -0.5877950  -0.0795485
   0.9893582  -0.8462204   0.2963686   0.3959252  -0.8979277   0.9683645  -0.5733819  -0.0971819   0.7210377  -0.9983454   0.7958241
   0.4121185  -0.9055784   0.9637954  -0.5587890  -0.1147848   0.7331903  -0.9992068   0.7849804  -0.1934734  -0.4910216   0.9395197
  -0.5440211  -0.1323518   0.7451132  -0.9997552   0.7738907  -0.1760756  -0.5063656   0.9454353  -0.9301060   0.4677452   0.2194253
  -0.9999902   0.7625585  -0.1586227  -0.5215510   0.9510547  -0.9234584   0.4520258   0.2366614  -0.8116034   0.9964692  -0.7024078
  -0.5365729   0.9563759  -0.9165215   0.4361648   0.2538234  -0.8218178   0.9948268  -0.6896979   0.0530836   0.6090440  -0.9784504
   0.4201670   0.2709058  -0.8317747   0.9928726  -0.6767720   0.0353983   0.6229886  -0.9819522   0.8689658  -0.3383334  -0.3549102
   0.9906074  -0.6636339   0.0177019   0.6367380  -0.9851463   0.8600694  -0.3216224  -0.3714041   0.8859248  -0.9746486   0.5949328
   0.6502878  -0.9880316   0.8509035  -0.3048106  -0.3877816   0.8939967  -0.9705353   0.5806112   0.0883687  -0.7148764   0.9977973

centroids =

   0.54030   0.84385  -0.53283  -0.84857   0.52532   0.85322  -0.51777  -0.85780   0.51018   0.86232  -0.50254
  -0.41615   0.90745   0.42418  -0.90369  -0.43218   0.89987   0.44014  -0.89597  -0.44807   0.89200   0.45597
  -0.98999   0.13674   0.99120  -0.12796  -0.99234   0.11918   0.99339  -0.11039  -0.99437   0.10159   0.99527
  -0.65364  -0.75969   0.64692   0.76541  -0.64014  -0.77108   0.63332   0.77669  -0.62644  -0.78223   0.61952
   0.28366  -0.95766  -0.29214   0.95507   0.30059  -0.95241  -0.30902   0.94968   0.31743  -0.94687  -0.32581

ans =

   15    1

idx =

   5
   5
   4
   2
   2
   1
   5
   5
   4
   3
   2
   1
   1
   5
   4

ans =

   0
   1
   0
   0
   0
   0
   0
   0
   0
   0
   0
   0
   0
   0
   0


== [ml-class] Submitted Assignment 7 - Part 1 - Find Closest Centroids (k-Means)
== Nice work!
octave:12> 

